1024 682
1024 768
1024 768
1024 768
1024 683
1024 683
1024 768
1024 768
1024 768
1024 746
1024 761
1024 698
1024 768
1024 883
1024 806
1024 685
1024 768
1024 768
1024 768
1024 480
1024 768
1024 768
1024 614
1024 768
1024 566
1024 768
1024 768
1024 683
1024 685
1024 768
1024 683
1024 797
1024 768
1024 943
1024 768
1024 681
1024 457
1024 683
1024 576
1024 768
1024 684
1024 683
1024 683
1024 680
1024 680
1024 680
1024 680
1024 768
1024 680
1024 683
1024 768
1024 768
1024 770
1024 768
1024 768
1024 768
1024 768
1024 768
1024 768
1024 768
1024 768
1024 768
1024 683
1024 768
1024 768
1024 683
1024 768
1024 684
1024 683
1024 768
1024 683
1024 768
1024 685
1024 768
1024 756
1024 768
1024 683
1024 768
1024 768
1024 683
1024 768
1024 683
1024 672
1024 768
1024 887
1024 768
1024 768
1024 679
1024 766
1024 683
1024 681
1024 576
1024 688
1024 688
1024 681
1024 768
1024 687
1024 683
1024 732
1024 593
1024 681
1024 732
1024 768
1024 684
1024 768
1024 768
1024 537
1024 681
1024 768
1024 768
1024 683
1024 687
1024 768
1024 925
1024 683
1024 768
1024 673
1024 685
1024 1024
1024 667
1024 995
1024 681
1024 683
1024 679
1024 681
1024 681
1024 768
1024 681
1024 768
1024 680
1024 683
1024 768
1024 768
1024 768
1024 768
1024 576
1024 677
1024 950
1024 677
1024 683
1024 683
1024 768
1024 780
1024 832
1024 768
1024 864
1024 768
1024 768
1024 755
1024 694
1024 768
1024 720
1024 754
1024 768
1024 737
1024 731
1024 724
1024 759
1024 840
1024 683
1024 768
1024 748
1024 774
1024 768
1024 829
1024 768
1024 768
1024 768
1024 683
1024 838
1024 681
1024 768
1024 768
1024 768
1024 768
1024 768
1024 768
1024 768
1024 768
1024 768
1024 768
1024 768
1024 768
1024 743
1024 768
1024 768
1024 768
1024 768
1024 768
1024 768
1024 768
1024 768
1024 768
1024 768
1024 664
1024 768
1024 768
1024 768
1024 768
1024 768
1024 768
1024 768
1024 768
1024 768
1024 768
1024 592
1024 768
1024 768
1024 768
1024 675
1024 768
1024 768
1024 710
1024 768
1024 768
1024 768
1024 768
1024 683
1024 682
1024 683
1024 683
1024 683
1024 683
1024 683
1024 768
1024 703
1024 768
1024 753
1024 679
1024 768
1024 768
1024 768
1024 768
1024 644
1024 768
1024 765
1024 714
1024 768
1024 768
1024 768
1024 768
1024 768
1024 768
1024 768
1024 768
1024 768
1024 768
1024 768
1024 768
1024 768
1024 768
1024 768
1024 768
1024 768
1024 768
1024 716
1024 801
1024 768
1024 768
1024 768
1024 768
1024 768
1024 784
1024 768
1024 768
1024 768
1024 768
1024 768
1024 703
1024 759
1024 741
1024 764
1024 768
1024 768
1024 768
1024 768
1024 768
1024 768
1024 768
1024 768
1024 768
1024 768
1024 768
1024 768
1024 683
1024 683
1024 683
1024 683
1024 683
1024 683
1024 683
1024 683
1024 680
1024 923
1024 768
1024 706
1024 694
